0.000000000000000000e+00 1.000000000000000000e+00
1.000000000000000056e-01 7.280999999999999694e-01
2.000000000000000111e-01 5.054864066666666655e-01
3.000000000000000444e-01 3.232252373515555610e-01
4.000000000000000222e-01 1.824213177020967414e-01
5.000000000000000000e-01 5.855728789520439626e-02
6.000000000000000888e-01 -4.278139142996466304e-02
7.000000000000000666e-01 -1.256089167246390859e-01
8.000000000000000444e-01 -1.934829301971924265e-01
9.000000000000000222e-01 -2.490519577619936809e-01
1.000000000000000000e+00 -2.945454209392169842e-01
1.100000000000000089e+00 -3.215957518528349546e-01
1.200000000000000178e+00 -3.187222100338585884e-01
1.300000000000000044e+00 -2.969295007040415602e-01
1.400000000000000133e+00 -2.655707947241269795e-01
1.500000000000000000e+00 -2.280986295862790780e-01
1.600000000000000089e+00 -1.872074420872595901e-01
1.700000000000000178e+00 -1.453696707013705514e-01
1.800000000000000044e+00 -1.043660533681082386e-01
1.900000000000000133e+00 -6.523485087702757257e-02
2.000000000000000000e+00 -2.864386558052385567e-02
2.100000000000000089e+00 4.657557385488442919e-03
2.200000000000000178e+00 3.309670176938794839e-02
2.300000000000000266e+00 5.511857424469417815e-02
2.400000000000000355e+00 7.059179469209217461e-02
2.500000000000000000e+00 8.012984580784671129e-02
2.600000000000000089e+00 8.438967636828641206e-02
2.700000000000000178e+00 8.412219419593694458e-02
2.800000000000000266e+00 8.015824412832658896e-02
2.900000000000000355e+00 7.330877668422425275e-02
3.000000000000000000e+00 6.431193143551669489e-02
3.100000000000000089e+00 5.383477947464766766e-02
3.200000000000000178e+00 4.252713510432736682e-02
3.300000000000000266e+00 3.107490382433471601e-02
3.400000000000000355e+00 2.013451235242814247e-02
3.500000000000000000e+00 1.021758350305049939e-02
3.600000000000000089e+00 1.678744167961473965e-03
3.700000000000000178e+00 -5.247977049658208992e-03
3.800000000000000266e+00 -1.043464488569342818e-02
3.900000000000000355e+00 -1.384570028363514560e-02
4.000000000000000000e+00 -1.551581157821194101e-02
4.100000000000000533e+00 -1.552933486671320695e-02
4.200000000000000178e+00 -1.400660751383142610e-02
4.299999999999999822e+00 -1.109817514376421066e-02
4.400000000000000355e+00 -6.980534641290364606e-03
4.500000000000000000e+00 -1.843680513078205241e-03
4.600000000000000533e+00 4.126585101036639447e-03
4.700000000000000178e+00 1.076139081436094935e-02
4.800000000000000711e+00 1.791574807291257398e-02
4.900000000000000355e+00 2.547328069893323166e-02
5.000000000000000000e+00 3.334879315547695233e-02
