0.0 1.0
0.05 0.85725625
0.1 0.7281
0.15000000000000002 0.61123093375
0.2 0.5054864066666667
0.25 0.4098018064922501
0.30000000000000004 0.3232252373515555
0.35 0.2448850657020882
0.4 0.17400194266096353
0.44999999999999996 0.10986223279248969
0.5 0.05182785718795285
0.5499999999999999 -0.0006854612716955955
0.6 -0.04820013905831674
0.6499999999999999 -0.09119454332517958
0.7 -0.1300963938516792
0.7499999999999999 -0.16529734577176872
0.7999999999999999 -0.1971475875261648
0.8499999999999999 -0.2259677802282061
0.8999999999999999 -0.2520446348272553
0.9499999999999998 -0.2756406872655066
0.9999999999999999 -0.29699067735423484
1.0 -0.29699128036360295
1.0999999999999999 -0.33378950057249057
1.1 -0.3337899942763605
1.2 -0.32850837710205044
1.2000000000000002 -0.32850878131386557
1.3 -0.3059599124384632
1.3000000000000003 -0.30596024338014993
1.4000000000000001 -0.2725776184082984
1.4000000000000004 -0.27257788936128874
1.5000000000000002 -0.23303000781733174
1.5000000000000004 -0.23303022965557663
1.6000000000000003 -0.19064907564209713
1.6000000000000005 -0.1906492572684628
1.7000000000000004 -0.14776143514646542
1.7000000000000006 -0.1477615838500252
1.8000000000000005 -0.10594332089225861
1.8000000000000007 -0.10594344264081977
1.9000000000000006 -0.06621617909304647
1.9000000000000008 -0.06621627877265178
2.0 -0.029196005591589122
2.0 -0.02919608720260471
2.1 0.004793276507746559
2.1 0.004793209690087737
2.2 0.034094232784200415
2.2 0.03409417807835588
2.3000000000000003 0.05673883135241281
2.3000000000000003 0.05673878656291435
2.4000000000000004 0.07268547458712843
2.4000000000000004 0.07268543791647307
2.5000000000000004 0.0823968054009224
2.5000000000000004 0.0823967753774345
2.6000000000000005 0.08660924682418901
2.6000000000000005 0.08660922224295868
2.7000000000000006 0.08617840930809673
2.7000000000000006 0.08617838918262409
2.8000000000000007 0.08197882276391258
2.8000000000000007 0.08197880628651727
2.900000000000001 0.07484205955291186
2.900000000000001 0.07484204606231908
3.0 0.0655215452440168
3.0 0.06552153419881879
3.1 0.053644673142784684
3.1 0.0536446640997129
3.2 0.04392068205776925
3.2 0.04392067465390494
3.3000000000000003 0.03595932642343094
3.3000000000000003 0.035959320361640436
3.4000000000000004 0.02944109918707703
3.4000000000000004 0.02944109422408708
3.5000000000000004 0.024104409274432866
3.5000000000000004 0.024104405211067565
3.6000000000000005 0.019735083353287334
3.6000000000000005 0.019735080026474717
3.7000000000000006 0.016157770577448115
3.7000000000000006 0.016157767853675734
3.8000000000000007 0.013228905364109355
3.8000000000000007 0.013228903134066114
3.900000000000001 0.010830945785108466
3.900000000000001 0.01083094395929773
4.0 0.008867656345794485
4.0 0.008867654850942378
4.1 0.007260245838846806
4.1 0.007260244614961556
4.199999999999999 0.005944205276458508
4.199999999999999 0.005944204274422858
4.299999999999999 0.004866719000012463
4.299999999999999 0.004866718179612475
4.399999999999999 0.003984545069276871
4.399999999999999 0.003984544397588053
4.499999999999998 0.00326227986638595
4.499999999999998 0.0032622793164519253
4.599999999999998 0.0026709372692723904
4.599999999999998 0.002670936819023073
4.6999999999999975 0.002186785373595615
4.6999999999999975 0.00218678500496149
4.799999999999997 0.0017903940782085165
4.799999999999997 0.0017903937763954706
4.899999999999997 0.0014658553116319196
4.899999999999997 0.0014658550645275182
4.9999999999999964 0.0012001446054767735
4.9999999999999964 0.0012001444031641635
5.099999999999996 0.0009825983933240171
5.099999999999996 0.0009825982276839395
5.199999999999996 0.0008044860578941503
5.199999999999996 0.0008044859222790975
5.299999999999995 0.0006586595517998706
5.299999999999995 0.0006586594407673064
5.399999999999995 0.0005392665303769475
5.399999999999995 0.0005392664394708861
5.499999999999995 0.0004415154839706194
5.499999999999995 0.0004415154095427968
5.599999999999994 0.00036148344390954514
5.599999999999994 0.00036148338297300586
5.699999999999994 0.0002959585449768749
5.699999999999994 0.00029595849508609904
5.799999999999994 0.00024231112605740005
5.799999999999994 0.00024231108521015883
5.899999999999993 0.00019838819594072867
5.899999999999993 0.00019838816249773068
5.999999999999993 0.00016242702895653927
5.999999999999993 0.00016242700157564205
6.0999999999999925 0.00013298442284101727
6.0999999999999925 0.00013298440042336398
6.199999999999992 0.00010887877979403555
6.199999999999992 0.00010887876143995555
6.299999999999992 8.914268631003671e-05
6.299999999999992 8.91426712829396e-05
6.3999999999999915 7.298408870490406e-05
6.3999999999999915 7.298407640171874e-05
6.499999999999991 5.975450622566179e-05
6.499999999999991 5.975449615263386e-05
6.599999999999991 4.89230060638235e-05
6.599999999999991 4.8922997816699766e-05
6.69999999999999 4.005489583132109e-05
6.69999999999999 4.005488907912599e-05
6.79999999999999 3.2794278380296955e-05
6.79999999999999 3.279427285204975e-05
6.89999999999999 2.6849768852561796e-05
6.89999999999999 2.684976432640153e-05
6.999999999999989 2.1982800751887426e-05
6.999999999999989 2.1982797046169148e-05
7.099999999999989 1.79980517355953e-05
7.099999999999989 1.799804870160022e-05
7.199999999999989 1.4735604890989725e-05
7.199999999999989 1.473560240695682e-05
7.299999999999988 1.2064530911082988e-05
7.299999999999988 1.2064528877322447e-05
7.399999999999988 9.877633607934012e-06
7.399999999999988 9.877631942826463e-06
7.499999999999988 8.087147889269172e-06
7.499999999999988 8.087146525990118e-06
7.599999999999987 6.62121754854098e-06
7.599999999999987 6.621216432378976e-06
7.699999999999987 5.421011514242119e-06
7.699999999999987 5.421010600403081e-06
7.7999999999999865 4.438362827093831e-06
7.7999999999999865 4.438362078903349e-06
7.899999999999986 3.633835591969289e-06
7.899999999999986 3.6338349794008018e-06
7.999999999999986 2.9751423269983225e-06
7.999999999999986 2.9751418254680832e-06
8.099999999999985 2.4358481945244266e-06
8.099999999999985 2.435847783904902e-06
8.199999999999985 1.9943101117969657e-06
8.199999999999985 1.9943097756090735e-06
8.299999999999985 1.6328081655319025e-06
8.299999999999985 1.6328078902836689e-06
8.399999999999984 1.3368344720598198e-06
8.399999999999984 1.3368342467049158e-06
8.499999999999984 1.0945109434244432e-06
8.499999999999984 1.0945107589188716e-06
8.599999999999984 8.961125930797058e-07
8.599999999999984 8.961124420188442e-07
8.699999999999983 7.336772503741245e-07
8.699999999999983 7.336771266955616e-07
8.799999999999983 6.006860207896414e-07
8.799999999999983 6.006859195298794e-07
8.899999999999983 4.918016680878391e-07
8.899999999999983 4.918015851830967e-07
8.999999999999982 4.026544190524502e-07
8.999999999999982 4.02654351175574e-07
9.099999999999982 3.2966659469220935e-07
9.099999999999982 3.2966653911914827e-07
9.199999999999982 2.699090299610016e-07
9.199999999999982 2.69908984461484e-07
9.299999999999981 2.2098351979673737e-07
9.299999999999981 2.2098348254476566e-07
9.39999999999998 1.8092657377491545e-07
9.39999999999998 1.809265432754845e-07
9.49999999999998 1.4813061683531576e-07
9.49999999999998 1.4813059186441498e-07
9.59999999999998 1.2127947369030086e-07
9.59999999999998 1.2127945324579203e-07
9.69999999999998 9.929554775937232e-08
9.69999999999998 9.929553102077147e-08
9.79999999999998 8.12965748021901e-08
9.79999999999998 8.129656109773962e-08
9.899999999999979 6.656021567637978e-08
9.899999999999979 6.656020445608934e-08
9.999999999999979 5.449506724810801e-08
9.999999999999979 5.4495058061682214e-08
