# t y
0.00000000 0.10000000
0.10000000 0.10941743
0.20000000 0.11972174
0.30000000 0.13099645
0.40000000 0.14333294
0.50000000 0.15683122
0.60000000 0.17160069
0.70000000 0.18776106
0.80000000 0.20544332
0.90000000 0.22479080
1.00000000 0.24596031
1.10000000 0.26899675
1.20000000 0.29389937
1.30000000 0.32076053
1.40000000 0.34966324
1.50000000 0.38068862
1.60000000 0.41385762
1.70000000 0.44923361
1.80000000 0.48683822
1.90000000 0.52658890
2.00000000 0.56843252
2.10000000 0.61224636
2.20000000 0.65785174
2.30000000 0.70502485
2.40000000 0.75347561
2.50000000 0.80289036
2.60000000 0.85270900
2.70000000 0.90256988
2.80000000 0.95186616
2.90000000 0.99997981
3.00000000 1.04639927
3.10000000 1.09015627
3.20000000 1.13066527
3.30000000 1.16725090
3.40000000 1.19927396
3.50000000 1.22621109
3.60000000 1.24745494
3.70000000 1.26281085
3.80000000 1.27203880
3.90000000 1.27511449
4.00000000 1.27220553
4.10000000 1.26354878
4.20000000 1.24969713
4.30000000 1.23119762
4.40000000 1.20893448
4.50000000 1.18339435
4.60000000 1.15588310
4.70000000 1.12681908
4.80000000 1.09713933
4.90000000 1.06758591
5.00000000 1.03844472
5.10000000 1.01099644
5.20000000 0.98541046
5.30000000 0.96203053
5.40000000 0.94111844
5.50000000 0.92275302
5.60000000 0.90735481
5.70000000 0.89463157
5.80000000 0.88467577
5.90000000 0.87742010
6.00000000 0.87264334
6.10000000 0.87048878
6.20000000 0.87063617
6.30000000 0.87291400
6.40000000 0.87713542
6.50000000 0.88316447
6.60000000 0.89062188
6.70000000 0.89946311
6.80000000 0.90942246
6.90000000 0.92028379
7.00000000 0.93200055
7.10000000 0.94404780
7.20000000 0.95633452
7.30000000 0.96866162
7.40000000 0.98082892
7.50000000 0.99269710
7.60000000 1.00391961
7.70000000 1.01450061
7.80000000 1.02423149
7.90000000 1.03298150
8.00000000 1.04074096
8.10000000 1.04721107
8.20000000 1.05243872
8.30000000 1.05639254
8.40000000 1.05906480
8.50000000 1.06046846
8.60000000 1.06064787
8.70000000 1.05968302
8.80000000 1.05763979
8.90000000 1.05462679
9.00000000 1.05071988
9.10000000 1.04610938
9.20000000 1.04091730
9.30000000 1.03527760
9.40000000 1.02932819
9.50000000 1.02316867
9.60000000 1.01703714
9.70000000 1.01094607
9.80000000 1.00504219
9.90000000 0.99942476
10.00000000 0.99410264
10.10000000 0.98930136
10.20000000 0.98500912
10.30000000 0.98126676
10.40000000 0.97810454
10.50000000 0.97553183
10.60000000 0.97358344
10.70000000 0.97222186
10.80000000 0.97144371
10.90000000 0.97122467
11.00000000 0.97153200
11.10000000 0.97233851
11.20000000 0.97358551
11.30000000 0.97522486
11.40000000 0.97720376
11.50000000 0.97948243
11.60000000 0.98195760
11.70000000 0.98461726
11.80000000 0.98738979
11.90000000 0.99021959
12.00000000 0.99309243
12.10000000 0.99588344
12.20000000 0.99857731
12.30000000 1.00113366
12.40000000 1.00351513
12.50000000 1.00569866
12.60000000 1.00762740
12.70000000 1.00931129
12.80000000 1.01072389
12.90000000 1.01185543
13.00000000 1.01271547
13.10000000 1.01327384
13.20000000 1.01355507
13.30000000 1.01357066
13.40000000 1.01333637
13.50000000 1.01286688
13.60000000 1.01219844
13.70000000 1.01134359
13.80000000 1.01033319
13.90000000 1.00919554
14.00000000 1.00794368
14.10000000 1.00663474
14.20000000 1.00528685
14.30000000 1.00392618
14.40000000 1.00257835
14.50000000 1.00126038
14.60000000 1.00001513
14.70000000 0.99884024
14.80000000 0.99775959
14.90000000 0.99678695
15.00000000 0.99592032
15.10000000 0.99519464
15.20000000 0.99460182
15.30000000 0.99414387
15.40000000 0.99382053
15.50000000 0.99362954
15.60000000 0.99356575
15.70000000 0.99362203
15.80000000 0.99379024
15.90000000 0.99406039
16.00000000 0.99442553
16.10000000 0.99486741
16.20000000 0.99537510
16.30000000 0.99593370
16.40000000 0.99653221
16.50000000 0.99716040
16.60000000 0.99779429
16.70000000 0.99843843
16.80000000 0.99906036
16.90000000 0.99966656
17.00000000 1.00024980
17.10000000 1.00078543
17.20000000 1.00127380
17.30000000 1.00170828
17.40000000 1.00208539
17.50000000 1.00240251
17.60000000 1.00265402
17.70000000 1.00284429
17.80000000 1.00296836
17.90000000 1.00303235
18.00000000 1.00303776
18.10000000 1.00298584
18.20000000 1.00288258
18.30000000 1.00273369
18.40000000 1.00254393
18.50000000 1.00231793
18.60000000 1.00206659
18.70000000 1.00178911
18.80000000 1.00150107
18.90000000 1.00120115
19.00000000 1.00089373
19.10000000 1.00059233
19.20000000 1.00029906
19.30000000 1.00001853
19.40000000 0.99975499
19.50000000 0.99951106
19.60000000 0.99929340
19.70000000 0.99910098
19.80000000 0.99893676
19.90000000 0.99880190
20.00000000 0.99869542
20.10000000 0.99862122
20.20000000 0.99857667
20.30000000 0.99856072
20.40000000 0.99857191
20.50000000 0.99860881
20.60000000 0.99866791
20.70000000 0.99874788
20.80000000 0.99884564
20.90000000 0.99895834
21.00000000 0.99908463
21.10000000 0.99921868
21.20000000 0.99935853
21.30000000 0.99950138
21.40000000 0.99964448
21.50000000 0.99978597
21.60000000 0.99992116
21.70000000 1.00005020
21.80000000 1.00017038
21.90000000 1.00028007
22.00000000 1.00037937
22.10000000 1.00046424
22.20000000 1.00053538
22.30000000 1.00059240
22.40000000 1.00063513
22.50000000 1.00066368
22.60000000 1.00067832
22.70000000 1.00067981
22.80000000 1.00066884
22.90000000 1.00064639
23.00000000 1.00061320
23.10000000 1.00057100
23.20000000 1.00052106
23.30000000 1.00046475
23.40000000 1.00040345
23.50000000 1.00033820
23.60000000 1.00027159
23.70000000 1.00020377
23.80000000 1.00013643
23.90000000 1.00007076
24.00000000 1.00000697
24.10000000 0.99994776
24.20000000 0.99989320
24.30000000 0.99984396
24.40000000 0.99980060
24.50000000 0.99976340
24.60000000 0.99973309
24.70000000 0.99970934
24.80000000 0.99969234
24.90000000 0.99968197
25.00000000 0.99967791
25.10000000 0.99968017
25.20000000 0.99968809
25.30000000 0.99970120
25.40000000 0.99971892
25.50000000 0.99974082
25.60000000 0.99976578
25.70000000 0.99979360
25.80000000 0.99982345
25.90000000 0.99985468
26.00000000 0.99988705
26.10000000 0.99991915
26.20000000 0.99995070
26.30000000 0.99998120
26.40000000 1.00001016
26.50000000 1.00003727
26.60000000 1.00006178
26.70000000 1.00008379
26.80000000 1.00010292
26.90000000 1.00011900
27.00000000 1.00013214
27.10000000 1.00014183
27.20000000 1.00014834
27.30000000 1.00015175
27.40000000 1.00015219
27.50000000 1.00014980
27.60000000 1.00014490
27.70000000 1.00013764
27.80000000 1.00012833
27.90000000 1.00011726
28.00000000 1.00010458
28.10000000 1.00009088
28.20000000 1.00007639
28.30000000 1.00006140
28.40000000 1.00004623
28.50000000 1.00003106
28.60000000 1.00001643
28.70000000 1.00000232
28.80000000 0.99998904
28.90000000 0.99997678
29.00000000 0.99996553
29.10000000 0.99995576
29.20000000 0.99994740
29.30000000 0.99994052
29.40000000 0.99993514
29.50000000 0.99993126
29.60000000 0.99992889
29.70000000 0.99992795
29.80000000 0.99992838
29.90000000 0.99993008
30.00000000 0.99993297
30.10000000 0.99993691
30.20000000 0.99994174
30.30000000 0.99994734
30.40000000 0.99995354
30.50000000 0.99996025
30.60000000 0.99996719
30.70000000 0.99997434
30.80000000 0.99998151
30.90000000 0.99998857
31.00000000 0.99999551
31.10000000 1.00000201
31.20000000 1.00000808
31.30000000 1.00001362
31.40000000 1.00001857
31.50000000 1.00002289
31.60000000 1.00002650
31.70000000 1.00002942
31.80000000 1.00003163
31.90000000 1.00003313
32.00000000 1.00003395
32.10000000 1.00003407
32.20000000 1.00003357
32.30000000 1.00003249
32.40000000 1.00003087
32.50000000 1.00002880
32.60000000 1.00002635
32.70000000 1.00002356
32.80000000 1.00002051
32.90000000 1.00001724
33.00000000 1.00001389
33.10000000 1.00001049
33.20000000 1.00000711
33.30000000 1.00000381
33.40000000 1.00000063
33.50000000 0.99999765
33.60000000 0.99999491
33.70000000 0.99999242
33.80000000 0.99999022
33.90000000 0.99998831
34.00000000 0.99998675
34.10000000 0.99998553
34.20000000 0.99998465
34.30000000 0.99998411
34.40000000 0.99998388
34.50000000 0.99998397
34.60000000 0.99998434
34.70000000 0.99998497
34.80000000 0.99998583
34.90000000 0.99998692
35.00000000 0.99998816
35.10000000 0.99998955
35.20000000 0.99999104
35.30000000 0.99999260
35.40000000 0.99999420
35.50000000 0.99999581
35.60000000 0.99999738
35.70000000 0.99999892
35.80000000 1.00000037
35.90000000 1.00000175
36.00000000 1.00000300
36.10000000 1.00000411
36.20000000 1.00000508
36.30000000 1.00000590
36.40000000 1.00000656
36.50000000 1.00000706
36.60000000 1.00000740
36.70000000 1.00000758
36.80000000 1.00000762
36.90000000 1.00000751
37.00000000 1.00000728
37.10000000 1.00000692
37.20000000 1.00000646
37.30000000 1.00000591
37.40000000 1.00000529
37.50000000 1.00000461
37.60000000 1.00000389
37.70000000 1.00000314
37.80000000 1.00000238
37.90000000 1.00000162
38.00000000 1.00000088
38.10000000 1.00000017
38.20000000 0.99999950
38.30000000 0.99999888
38.40000000 0.99999832
38.50000000 0.99999783
38.60000000 0.99999740
38.70000000 0.99999705
38.80000000 0.99999678
38.90000000 0.99999658
39.00000000 0.99999645
39.10000000 0.99999640
39.20000000 0.99999641
39.30000000 0.99999649
39.40000000 0.99999663
39.50000000 0.99999683
39.60000000 0.99999706
39.70000000 0.99999734
39.80000000 0.99999765
39.90000000 0.99999798
40.00000000 0.99999833
40.10000000 0.99999869
40.20000000 0.99999905
40.30000000 0.99999940
40.40000000 0.99999975
40.50000000 1.00000007
40.60000000 1.00000038
40.70000000 1.00000066
40.80000000 1.00000091
40.90000000 1.00000113
41.00000000 1.00000131
41.10000000 1.00000146
41.20000000 1.00000158
41.30000000 1.00000165
41.40000000 1.00000170
41.50000000 1.00000170
41.60000000 1.00000168
41.70000000 1.00000163
41.80000000 1.00000155
41.90000000 1.00000145
42.00000000 1.00000133
42.10000000 1.00000119
42.20000000 1.00000104
42.30000000 1.00000088
42.40000000 1.00000071
42.50000000 1.00000054
42.60000000 1.00000037
42.70000000 1.00000021
42.80000000 1.00000005
42.90000000 0.99999990
43.00000000 0.99999976
43.10000000 0.99999963
43.20000000 0.99999952
43.30000000 0.99999942
43.40000000 0.99999934
43.50000000 0.99999928
43.60000000 0.99999924
43.70000000 0.99999921
43.80000000 0.99999919
43.90000000 0.99999920
44.00000000 0.99999921
44.10000000 0.99999924
44.20000000 0.99999929
44.30000000 0.99999934
44.40000000 0.99999940
44.50000000 0.99999947
44.60000000 0.99999954
44.70000000 0.99999962
44.80000000 0.99999970
44.90000000 0.99999978
45.00000000 0.99999986
45.10000000 0.99999994
45.20000000 1.00000001
45.30000000 1.00000008
45.40000000 1.00000014
45.50000000 1.00000020
45.60000000 1.00000025
45.70000000 1.00000029
45.80000000 1.00000033
45.90000000 1.00000035
46.00000000 1.00000037
46.10000000 1.00000038
46.20000000 1.00000038
46.30000000 1.00000038
46.40000000 1.00000037
46.50000000 1.00000035
46.60000000 1.00000033
46.70000000 1.00000030
46.80000000 1.00000027
46.90000000 1.00000023
47.00000000 1.00000020
47.10000000 1.00000016
47.20000000 1.00000012
47.30000000 1.00000008
47.40000000 1.00000005
47.50000000 1.00000001
47.60000000 0.99999998
47.70000000 0.99999995
47.80000000 0.99999992
47.90000000 0.99999989
48.00000000 0.99999987
48.10000000 0.99999985
48.20000000 0.99999984
48.30000000 0.99999983
48.40000000 0.99999982
48.50000000 0.99999982
48.60000000 0.99999982
48.70000000 0.99999982
48.80000000 0.99999983
48.90000000 0.99999984
49.00000000 0.99999985
49.10000000 0.99999987
49.20000000 0.99999988
49.30000000 0.99999990
49.40000000 0.99999991
49.50000000 0.99999993
49.60000000 0.99999995
49.70000000 0.99999997
49.80000000 0.99999999
49.90000000 1.00000000
50.00000000 1.00000002
50.10000000 1.00000003
50.20000000 1.00000004
50.30000000 1.00000006
50.40000000 1.00000006
50.50000000 1.00000007
50.60000000 1.00000008
50.70000000 1.00000008
50.80000000 1.00000008
50.90000000 1.00000009
51.00000000 1.00000008
51.10000000 1.00000008
51.20000000 1.00000008
51.30000000 1.00000007
51.40000000 1.00000007
51.50000000 1.00000006
51.60000000 1.00000005
51.70000000 1.00000004
51.80000000 1.00000004
51.90000000 1.00000003
52.00000000 1.00000002
52.10000000 1.00000001
52.20000000 1.00000000
52.30000000 1.00000000
52.40000000 0.99999999
52.50000000 0.99999998
52.60000000 0.99999998
52.70000000 0.99999997
52.80000000 0.99999997
52.90000000 0.99999996
53.00000000 0.99999996
53.10000000 0.99999996
53.20000000 0.99999996
53.30000000 0.99999996
53.40000000 0.99999996
53.50000000 0.99999996
53.60000000 0.99999996
53.70000000 0.99999997
53.80000000 0.99999997
53.90000000 0.99999997
54.00000000 0.99999998
54.10000000 0.99999998
54.20000000 0.99999998
54.30000000 0.99999999
54.40000000 0.99999999
54.50000000 1.00000000
54.60000000 1.00000000
54.70000000 1.00000000
54.80000000 1.00000001
54.90000000 1.00000001
55.00000000 1.00000001
55.10000000 1.00000001
55.20000000 1.00000002
55.30000000 1.00000002
55.40000000 1.00000002
55.50000000 1.00000002
55.60000000 1.00000002
55.70000000 1.00000002
55.80000000 1.00000002
55.90000000 1.00000002
56.00000000 1.00000002
56.10000000 1.00000002
56.20000000 1.00000001
56.30000000 1.00000001
56.40000000 1.00000001
56.50000000 1.00000001
56.60000000 1.00000001
56.70000000 1.00000000
56.80000000 1.00000000
56.90000000 1.00000000
57.00000000 1.00000000
57.10000000 1.00000000
57.20000000 1.00000000
57.30000000 0.99999999
57.40000000 0.99999999
57.50000000 0.99999999
57.60000000 0.99999999
57.70000000 0.99999999
57.80000000 0.99999999
57.90000000 0.99999999
58.00000000 0.99999999
58.10000000 0.99999999
58.20000000 0.99999999
58.30000000 0.99999999
58.40000000 0.99999999
58.50000000 0.99999999
58.60000000 0.99999999
58.70000000 0.99999999
58.80000000 1.00000000
58.90000000 1.00000000
59.00000000 1.00000000
59.10000000 1.00000000
59.20000000 1.00000000
59.30000000 1.00000000
59.40000000 1.00000000
59.50000000 1.00000000
59.60000000 1.00000000
59.70000000 1.00000000
59.80000000 1.00000000
59.90000000 1.00000000
60.00000000 1.00000000
60.10000000 1.00000000
60.20000000 1.00000000
60.30000000 1.00000000
60.40000000 1.00000000
60.50000000 1.00000000
60.60000000 1.00000000
60.70000000 1.00000000
60.80000000 1.00000000
60.90000000 1.00000000
61.00000000 1.00000000
61.10000000 1.00000000
61.20000000 1.00000000
61.30000000 1.00000000
61.40000000 1.00000000
61.50000000 1.00000000
61.60000000 1.00000000
61.70000000 1.00000000
61.80000000 1.00000000
61.90000000 1.00000000
62.00000000 1.00000000
62.10000000 1.00000000
62.20000000 1.00000000
62.30000000 1.00000000
62.40000000 1.00000000
62.50000000 1.00000000
62.60000000 1.00000000
62.70000000 1.00000000
62.80000000 1.00000000
62.90000000 1.00000000
63.00000000 1.00000000
63.10000000 1.00000000
63.20000000 1.00000000
63.30000000 1.00000000
63.40000000 1.00000000
63.50000000 1.00000000
63.60000000 1.00000000
63.70000000 1.00000000
63.80000000 1.00000000
63.90000000 1.00000000
64.00000000 1.00000000
64.10000000 1.00000000
64.20000000 1.00000000
64.30000000 1.00000000
64.40000000 1.00000000
64.50000000 1.00000000
64.60000000 1.00000000
64.70000000 1.00000000
64.80000000 1.00000000
64.90000000 1.00000000
65.00000000 1.00000000
65.10000000 1.00000000
65.20000000 1.00000000
65.30000000 1.00000000
65.40000000 1.00000000
65.50000000 1.00000000
65.60000000 1.00000000
65.70000000 1.00000000
65.80000000 1.00000000
65.90000000 1.00000000
66.00000000 1.00000000
66.10000000 1.00000000
66.20000000 1.00000000
66.30000000 1.00000000
66.40000000 1.00000000
66.50000000 1.00000000
66.60000000 1.00000000
66.70000000 1.00000000
66.80000000 1.00000000
66.90000000 1.00000000
67.00000000 1.00000000
67.10000000 1.00000000
67.20000000 1.00000000
67.30000000 1.00000000
67.40000000 1.00000000
67.50000000 1.00000000
67.60000000 1.00000000
67.70000000 1.00000000
67.80000000 1.00000000
67.90000000 1.00000000
68.00000000 1.00000000
68.10000000 1.00000000
68.20000000 1.00000000
68.30000000 1.00000000
68.40000000 1.00000000
68.50000000 1.00000000
68.60000000 1.00000000
68.70000000 1.00000000
68.80000000 1.00000000
68.90000000 1.00000000
69.00000000 1.00000000
69.10000000 1.00000000
69.20000000 1.00000000
69.30000000 1.00000000
69.40000000 1.00000000
69.50000000 1.00000000
69.60000000 1.00000000
69.70000000 1.00000000
69.80000000 1.00000000
69.90000000 1.00000000
70.00000000 1.00000000
70.10000000 1.00000000
70.20000000 1.00000000
70.30000000 1.00000000
70.40000000 1.00000000
70.50000000 1.00000000
70.60000000 1.00000000
70.70000000 1.00000000
70.80000000 1.00000000
70.90000000 1.00000000
71.00000000 1.00000000
71.10000000 1.00000000
71.20000000 1.00000000
71.30000000 1.00000000
71.40000000 1.00000000
71.50000000 1.00000000
71.60000000 1.00000000
71.70000000 1.00000000
71.80000000 1.00000000
71.90000000 1.00000000
72.00000000 1.00000000
72.10000000 1.00000000
72.20000000 1.00000000
72.30000000 1.00000000
72.40000000 1.00000000
72.50000000 1.00000000
72.60000000 1.00000000
72.70000000 1.00000000
72.80000000 1.00000000
72.90000000 1.00000000
73.00000000 1.00000000
73.10000000 1.00000000
73.20000000 1.00000000
73.30000000 1.00000000
73.40000000 1.00000000
73.50000000 1.00000000
73.60000000 1.00000000
73.70000000 1.00000000
73.80000000 1.00000000
73.90000000 1.00000000
74.00000000 1.00000000
74.10000000 1.00000000
74.20000000 1.00000000
74.30000000 1.00000000
74.40000000 1.00000000
74.50000000 1.00000000
74.60000000 1.00000000
74.70000000 1.00000000
74.80000000 1.00000000
74.90000000 1.00000000
75.00000000 1.00000000
75.10000000 1.00000000
75.20000000 1.00000000
75.30000000 1.00000000
75.40000000 1.00000000
75.50000000 1.00000000
75.60000000 1.00000000
75.70000000 1.00000000
75.80000000 1.00000000
75.90000000 1.00000000
76.00000000 1.00000000
76.10000000 1.00000000
76.20000000 1.00000000
76.30000000 1.00000000
76.40000000 1.00000000
76.50000000 1.00000000
76.60000000 1.00000000
76.70000000 1.00000000
76.80000000 1.00000000
76.90000000 1.00000000
77.00000000 1.00000000
77.10000000 1.00000000
77.20000000 1.00000000
77.30000000 1.00000000
77.40000000 1.00000000
77.50000000 1.00000000
77.60000000 1.00000000
77.70000000 1.00000000
77.80000000 1.00000000
77.90000000 1.00000000
78.00000000 1.00000000
78.10000000 1.00000000
78.20000000 1.00000000
78.30000000 1.00000000
78.40000000 1.00000000
78.50000000 1.00000000
78.60000000 1.00000000
78.70000000 1.00000000
78.80000000 1.00000000
78.90000000 1.00000000
79.00000000 1.00000000
79.10000000 1.00000000
79.20000000 1.00000000
79.30000000 1.00000000
79.40000000 1.00000000
79.50000000 1.00000000
79.60000000 1.00000000
79.70000000 1.00000000
79.80000000 1.00000000
79.90000000 1.00000000
80.00000000 1.00000000
80.10000000 1.00000000
80.20000000 1.00000000
80.30000000 1.00000000
80.40000000 1.00000000
80.50000000 1.00000000
80.60000000 1.00000000
80.70000000 1.00000000
80.80000000 1.00000000
80.90000000 1.00000000
81.00000000 1.00000000
81.10000000 1.00000000
81.20000000 1.00000000
81.30000000 1.00000000
81.40000000 1.00000000
81.50000000 1.00000000
81.60000000 1.00000000
81.70000000 1.00000000
81.80000000 1.00000000
81.90000000 1.00000000
82.00000000 1.00000000
82.10000000 1.00000000
82.20000000 1.00000000
82.30000000 1.00000000
82.40000000 1.00000000
82.50000000 1.00000000
82.60000000 1.00000000
82.70000000 1.00000000
82.80000000 1.00000000
82.90000000 1.00000000
83.00000000 1.00000000
83.10000000 1.00000000
83.20000000 1.00000000
83.30000000 1.00000000
83.40000000 1.00000000
83.50000000 1.00000000
83.60000000 1.00000000
83.70000000 1.00000000
83.80000000 1.00000000
83.90000000 1.00000000
84.00000000 1.00000000
84.10000000 1.00000000
84.20000000 1.00000000
84.30000000 1.00000000
84.40000000 1.00000000
84.50000000 1.00000000
84.60000000 1.00000000
84.70000000 1.00000000
84.80000000 1.00000000
84.90000000 1.00000000
85.00000000 1.00000000
85.10000000 1.00000000
85.20000000 1.00000000
85.30000000 1.00000000
85.40000000 1.00000000
85.50000000 1.00000000
85.60000000 1.00000000
85.70000000 1.00000000
85.80000000 1.00000000
85.90000000 1.00000000
86.00000000 1.00000000
86.10000000 1.00000000
86.20000000 1.00000000
86.30000000 1.00000000
86.40000000 1.00000000
86.50000000 1.00000000
86.60000000 1.00000000
86.70000000 1.00000000
86.80000000 1.00000000
86.90000000 1.00000000
87.00000000 1.00000000
87.10000000 1.00000000
87.20000000 1.00000000
87.30000000 1.00000000
87.40000000 1.00000000
87.50000000 1.00000000
87.60000000 1.00000000
87.70000000 1.00000000
87.80000000 1.00000000
87.90000000 1.00000000
88.00000000 1.00000000
88.10000000 1.00000000
88.20000000 1.00000000
88.30000000 1.00000000
88.40000000 1.00000000
88.50000000 1.00000000
88.60000000 1.00000000
88.70000000 1.00000000
88.80000000 1.00000000
88.90000000 1.00000000
89.00000000 1.00000000
89.10000000 1.00000000
89.20000000 1.00000000
89.30000000 1.00000000
89.40000000 1.00000000
89.50000000 1.00000000
89.60000000 1.00000000
89.70000000 1.00000000
89.80000000 1.00000000
89.90000000 1.00000000
90.00000000 1.00000000
90.10000000 1.00000000
90.20000000 1.00000000
90.30000000 1.00000000
90.40000000 1.00000000
90.50000000 1.00000000
90.60000000 1.00000000
90.70000000 1.00000000
90.80000000 1.00000000
90.90000000 1.00000000
91.00000000 1.00000000
91.10000000 1.00000000
91.20000000 1.00000000
91.30000000 1.00000000
91.40000000 1.00000000
91.50000000 1.00000000
91.60000000 1.00000000
91.70000000 1.00000000
91.80000000 1.00000000
91.90000000 1.00000000
92.00000000 1.00000000
92.10000000 1.00000000
92.20000000 1.00000000
92.30000000 1.00000000
92.40000000 1.00000000
92.50000000 1.00000000
92.60000000 1.00000000
92.70000000 1.00000000
92.80000000 1.00000000
92.90000000 1.00000000
93.00000000 1.00000000
93.10000000 1.00000000
93.20000000 1.00000000
93.30000000 1.00000000
93.40000000 1.00000000
93.50000000 1.00000000
93.60000000 1.00000000
93.70000000 1.00000000
93.80000000 1.00000000
93.90000000 1.00000000
94.00000000 1.00000000
94.10000000 1.00000000
94.20000000 1.00000000
94.30000000 1.00000000
94.40000000 1.00000000
94.50000000 1.00000000
94.60000000 1.00000000
94.70000000 1.00000000
94.80000000 1.00000000
94.90000000 1.00000000
95.00000000 1.00000000
95.10000000 1.00000000
95.20000000 1.00000000
95.30000000 1.00000000
95.40000000 1.00000000
95.50000000 1.00000000
95.60000000 1.00000000
95.70000000 1.00000000
95.80000000 1.00000000
95.90000000 1.00000000
96.00000000 1.00000000
96.10000000 1.00000000
96.20000000 1.00000000
96.30000000 1.00000000
96.40000000 1.00000000
96.50000000 1.00000000
96.60000000 1.00000000
96.70000000 1.00000000
96.80000000 1.00000000
96.90000000 1.00000000
97.00000000 1.00000000
97.10000000 1.00000000
97.20000000 1.00000000
97.30000000 1.00000000
97.40000000 1.00000000
97.50000000 1.00000000
97.60000000 1.00000000
97.70000000 1.00000000
97.80000000 1.00000000
97.90000000 1.00000000
98.00000000 1.00000000
98.10000000 1.00000000
98.20000000 1.00000000
98.30000000 1.00000000
98.40000000 1.00000000
98.50000000 1.00000000
98.60000000 1.00000000
98.70000000 1.00000000
98.80000000 1.00000000
98.90000000 1.00000000
99.00000000 1.00000000
99.10000000 1.00000000
99.20000000 1.00000000
99.30000000 1.00000000
99.40000000 1.00000000
99.50000000 1.00000000
99.60000000 1.00000000
99.70000000 1.00000000
99.80000000 1.00000000
99.90000000 1.00000000
100.00000000 1.00000000
