1.000000000000000000e+00
8.572561270658711763e-01
7.280961296460611853e-01
6.112273310646874069e-01
5.054800691047199868e-01
4.097959896260557344e-01
3.232174542012544727e-01
2.448779557482166080e-01
1.739934462360554768e-01
1.098544896688990052e-01
5.181916181225262874e-02
-6.933744017560417028e-04
-4.820868208500367347e-02
-9.120231040585963234e-02
-1.301045540468755979e-01
-1.653047597380096490e-01
-1.971552229694779890e-01
-2.259747138824666213e-01
-2.520516676282635316e-01
-2.756470711248019123e-01
-2.969970751041888235e-01
-3.128067649361986891e-01
-3.206539484548809327e-01
-3.219108535426708495e-01
-3.177607502936223294e-01
-3.092213504111698819e-01
-2.971656137570217182e-01
-2.823401594420831828e-01
-2.653812240970994107e-01
-2.468291945475622196e-01
-2.271408428488816134e-01
-2.067004262284180549e-01
-1.858293949536544143e-01
-1.647947922234567486e-01
-1.438167806990418573e-01
-1.230750592725724235e-01
-1.027146333187736182e-01
-8.285077438659740889e-02
-6.357335203517425204e-02
-4.495064347488223616e-02
-2.703260868258260119e-02
-9.912038641979876996e-03
6.133166948492522162e-03
2.086045370585542374e-02
3.411098083622493560e-02
4.579322565615634444e-02
5.586923651226152060e-02
6.434306131484709979e-02
7.125117853144032065e-02
7.665449061792020680e-02
8.063175354899464187e-02
8.327416332482072414e-02
8.468097596600446253e-02
8.495592922543049319e-02
8.420445338132127866e-02
8.253140781528911507e-02
8.003937867217639224e-02
7.682732703017838838e-02
7.298967255402204202e-02
6.861558597590362851e-02
6.378853160867307970e-02
5.858677623682301272e-02
5.309028287364076643e-02
4.738449737087396807e-02
4.155618812495495001e-02
3.568972074136365219e-02
2.986446177747633518e-02
2.415295497407206338e-02
1.861984469814064597e-02
1.332125941068568534e-02
8.304632858356824146e-03
3.608819496266864064e-03
-7.355708467562130587e-04
-4.705686357673448741e-03
-8.285839279778595828e-03
-1.146683891262013748e-02
-1.424531670744289165e-02
-1.662301878230625085e-02
-1.860612747043663071e-02
-2.020460357993985115e-02
-2.143156801806586978e-02
-2.230272803618810543e-02
-2.283602276003840123e-02
-2.305163567117923459e-02
-2.297194007061349741e-02
-2.262126410937414026e-02
-2.202552403547506157e-02
-2.121178441856048577e-02
-2.020779837308765009e-02
-1.904155101952688389e-02
-1.774082410479563970e-02
-1.633280359971363629e-02
-1.484373611417263115e-02
-1.329863683147411262e-02
-1.172105577454933545e-02
-1.013288159212993693e-02
-8.554219678128688678e-03
-7.003292984965838429e-03
-5.496400149121717822e-03
-4.047896761084287219e-03
-2.670222191232582594e-03
-1.373941958090667183e-03
-1.678145981531001740e-04
9.411416587661020463e-04
1.947591197215788007e-03
2.847819332809462412e-03
3.639662434952995167e-03
4.322424661935995657e-03
4.896783818182317075e-03
5.364680147601961178e-03
5.729198201416776937e-03
5.994436914906141854e-03
6.165377887838320754e-03
6.247749512133991823e-03
6.247889898124635820e-03
6.172614838835120167e-03
6.029090688633405477e-03
5.824712911622683710e-03
5.566994349683926369e-03
5.263460604315471116e-03
4.921558193513442606e-03
4.548571473539080728e-03
4.151550755117487147e-03
3.737247851723760061e-03
3.312067035703355339e-03
2.882016891266496635e-03
2.452673602498164039e-03
2.029149180533830130e-03
1.616069042531534427e-03
1.217554981474096255e-03
8.372157798790628991e-04
4.781455768500284345e-04
1.429271459866008416e-04
-1.663586148823624424e-04
-4.481165212029879718e-04
-7.012167307437533253e-04
-9.249700691377785123e-04
-1.119100296383362340e-03
-1.283712248449741687e-03
-1.419259114180565365e-03
-1.526507461924231368e-03
-1.606501612001572880e-03
-1.660527633781411433e-03
-1.690077752196596141e-03
-1.696815235265684927e-03
-1.682540494897165947e-03
-1.649157927125883497e-03
-1.598644960413005394e-03
-1.533022499415417428e-03
-1.454327075944505509e-03
-1.364585352346788872e-03
-1.265789933197300921e-03
-1.159878836686219043e-03
-1.048716489408578869e-03
-9.340768970179097594e-04
-8.176299220072790657e-04
-7.009293984958435116e-04
-5.854041075477043384e-04
-4.723506364720167624e-04
-3.629286080201458336e-04
-2.581579830761933283e-04
-1.589183304795827446e-04
-6.594993542965609976e-05
2.014372420152049577e-05
9.889190217883600390e-05
1.699512770766861659e-04
2.330994404609080476e-04
2.882276011356420275e-04
3.353327732805414137e-04
3.745087207623123146e-04
4.059372231636645630e-04
4.298779843668018878e-04
4.466601268260192870e-04
4.566716343769609745e-04
4.603503476076456252e-04
4.581742413609852290e-04
4.506525385629591568e-04
4.383169273506131933e-04
4.217133191395284358e-04
4.013940825019423025e-04
3.779108492287945641e-04
3.518078314599459660e-04
3.236159697597091917e-04
2.938474694938389008e-04
2.629914273219925323e-04
2.315097565814211249e-04
1.998335009556646553e-04
1.683608019630181498e-04
1.374543171095149322e-04
1.074398765288679333e-04
7.860593672768696467e-05
5.120274030629153148e-05
2.544273007998120963e-05
1.501023541120438196e-06
-2.048378483008720427e-05
-4.040787969611785179e-05
-5.820114316008852750e-05
-7.382462776111657101e-05
-8.726903732247178087e-05
-9.855193131638613740e-05
-1.077156629126886585e-04
