1.000000000000000000e+00
7.280961296460611853e-01
5.054800691047199868e-01
3.232174542012544727e-01
1.739934462360554768e-01
5.181916181225262874e-02
-4.820868208500367347e-02
-1.301045540468755979e-01
-1.971552229694779890e-01
-2.520516676282635316e-01
-2.969970751041888235e-01
-3.206539484548809327e-01
-3.177607502936223294e-01
-2.971656137570217182e-01
-2.653812240970994107e-01
-2.271408428488816134e-01
-1.858293949536544143e-01
-1.438167806990418573e-01
-1.027146333187736182e-01
-6.357335203517425204e-02
-2.703260868258260119e-02
6.133166948492522162e-03
3.411098083622493560e-02
5.586923651226152060e-02
7.125117853144032065e-02
8.063175354899464187e-02
8.468097596600446253e-02
8.420445338132127866e-02
8.003937867217639224e-02
7.298967255402204202e-02
6.378853160867307970e-02
5.309028287364076643e-02
4.155618812495495001e-02
2.986446177747633518e-02
1.861984469814064597e-02
8.304632858356824146e-03
-7.355708467562130587e-04
-8.285839279778595828e-03
-1.424531670744289165e-02
-1.860612747043663071e-02
-2.143156801806586978e-02
-2.283602276003840123e-02
-2.297194007061349741e-02
-2.202552403547506157e-02
-2.020779837308765009e-02
-1.774082410479563970e-02
-1.484373611417263115e-02
-1.172105577454933545e-02
-8.554219678128688678e-03
-5.496400149121717822e-03
-2.670222191232582594e-03
-1.678145981531001740e-04
1.947591197215788007e-03
3.639662434952995167e-03
4.896783818182317075e-03
5.729198201416776937e-03
6.165377887838320754e-03
6.247889898124635820e-03
6.029090688633405477e-03
5.566994349683926369e-03
4.921558193513442606e-03
4.151550755117487147e-03
3.312067035703355339e-03
2.452673602498164039e-03
1.616069042531534427e-03
8.372157798790628991e-04
1.429271459866008416e-04
-4.481165212029879718e-04
-9.249700691377785123e-04
-1.283712248449741687e-03
-1.526507461924231368e-03
-1.660527633781411433e-03
-1.696815235265684927e-03
-1.649157927125883497e-03
-1.533022499415417428e-03
-1.364585352346788872e-03
-1.159878836686219043e-03
-9.340768970179097594e-04
-7.009293984958435116e-04
-4.723506364720167624e-04
-2.581579830761933283e-04
-6.594993542965609976e-05
9.889190217883600390e-05
2.330994404609080476e-04
3.353327732805414137e-04
4.059372231636645630e-04
4.466601268260192870e-04
4.603503476076456252e-04
4.506525385629591568e-04
4.217133191395284358e-04
3.779108492287945641e-04
3.236159697597091917e-04
2.629914273219925323e-04
1.998335009556646553e-04
1.374543171095149322e-04
7.860593672768696467e-05
2.544273007998120963e-05
-2.048378483008720427e-05
-5.820114316008852750e-05
-8.726903732247178087e-05
-1.077156629126886585e-04
